1,1000.1,1000.1,1000.1,1000.1,1000.1,1000.1,1000.1,1000.1,1000.1,1000.1,1000.1,1000.1,1000.1,1000.1,1000
2,1000.2,1000.2,1000.2,1000.2,1000.2,1000.2,1000.2,1000
1,1000.1,1000.1,1000.2,500.2,500.2,500.1,1000.1,1000.1,1000.1,1000.1,1000.2,500.2,500.2,500.1,1000
3,1000.3,1000.3,1000.3,1000.3,1000.3,1000.3,1000.3,1000.3,1000
3,1000.3,1000.1,1000.1,1000.1,1000.2,1000.2,1000.3,1000.1,1000.1,1000.1,1000.2,1000.2,1000.3,1000.1,1000.1,1000.1,1000.2,1000.2,1000.3,1000
3,500.2,300.1,100.3,100.2,600.2,400.2,400.2,400.3,700.3,500.3,800.1,200.1,200.1,200.1,200.1,200.4,1000
4,500.1,100.2,1000.1,1000.1,1000.2,1000.1,1000.1,1000.1,1000.2,1000.2,1000.2,1000.1,1000.1,1000.1,1000.4,500.4,500
5,1500.1,100.4,500.4,500.4,500.4,500.1,100.2,1000.1,1000.1,1000.2,100.2,100.2,1000.2,1000.2,1000.2,1000.2,1000.1,1000.1,1000.1,1000.1,1000.1,1000.1,1000.1,1000.1,1000.1,1000.1,1000.1,1000.1,1000.1,1000.1,1000.1,1000.1,1000.1,1000.1,1000.1,1000.1,1000.1,1000.1,1000.1,1000
1,1000.1,1000.1,1000.1,1000.1,1000.1,1000.1,1000.2,1000.5,500.5,500.2,1000.2,1000.2,1000.2,1000.2,1000.2,1000.2,1000.2,1000.2,1000.2,1000.2,1000.2,1000.2,1000.2,1000.2,1000.2,1000.2,1000.2,1000.2,1000.2,1000.2,1000.2,1000.2,1000.2,1000
5,500.5,800.5,500.5,600.2,100.2,100.2,200.2,100.2,100.2,100.2,100.2,1000
2,1000.2,1000.2,1000.2,1000.2,1000.2,1000.2,1000.2,1000.2,1000.2,1000.2,1000.2,1000.2,1000.2,1000.2,1000.2,1000.2,1000.2,1000.2,1000.2,1000.2,1000.2,1000.2,1000.2,1000.2,1000.2,1000.2,1000.2,1000.2,1000.2,1000.2,1000.2,1000.2,1000.2,1000.2,1000.2,1000.2,1000.2,1000.2,1000.2,1000.2,1000.2,1000.2,1000.2,1000.2,1000.2,1000.2,1000.2,1000.2,1000.2,1000.2,1000.2,1000.2,1000.2,1000.2,1000.2,1000.2,1000.2,1000.2,1000.2,1000.2,1000.2,1000.2,1000.2,1000.2,1000